Accuracy:  0.6347222222222222
F1-Score:  0.6331938633193863
Recall 0.6305555555555555